10
2 8 4
78 -30 -5 -10 92 72 -3 -12 
43 52 -75 -1 56 44 12 39 
9 9 98
-49 -10 24 -11 59 -48 36 -11 8 
-16 24 68 -38 95 -38 2 86 85 
100 -27 27 51 -52 76 -44 93 -13 
95 -92 33 24 -41 74 -52 48 32 
-50 -67 71 58 -32 -6 25 -20 -12 
37 82 -76 21 81 -53 -53 -19 -4 
-77 37 -62 -40 -18 97 94 -95 -45 
67 -97 53 -52 -47 87 -82 61 -96 
-38 -15 -16 51 -78 -35 25 -7 97 
9 3 95
-83 14 65 
-45 74 97 
-49 17 52 
-44 -17 56 
-91 -19 59 
46 -1 20 
50 62 55 
-67 -38 77 
-52 87 -30 
8 5 68
-28 76 -26 87 81 
98 83 83 15 34 
89 48 -61 48 -71 
99 -7 -22 -32 93 
90 -78 76 -99 50 
75 88 70 -82 -4 
-20 -60 -79 4 -74 
52 1 59 -16 66 
9 7 70
-18 -80 -7 -70 -36 21 -2 
-94 -39 -29 83 -38 71 57 
-50 40 25 -4 -81 66 17 
23 42 -82 74 -49 3 40 
-6 76 -97 26 46 -54 57 
-91 17 -96 -84 78 -75 49 
-60 96 -45 -60 -15 80 36 
-46 -5 -98 27 88 71 1 
-62 -27 91 -18 99 44 -93 
8 1 54
4 
-44 
19 
-30 
-66 
-6 
69 
-76 
10 7 4
25 54 50 80 -52 2 6 
86 -28 57 -77 -4 47 5 
-56 -60 -37 39 80 77 94 
87 -5 -87 71 40 83 95 
-71 56 -92 4 9 8 -17 
8 60 90 -7 82 -4 -33 
-23 -57 22 22 -67 85 -90 
-87 62 -97 100 -94 -83 20 
46 100 14 25 55 -28 -71 
-86 80 -38 22 -11 -99 65 
4 4 73
-2 41 54 70 
74 -12 80 37 
100 84 -14 -94 
-100 -95 2 50 
6 10 73
41 57 -32 -30 -82 40 59 -80 5 -71 
18 -14 27 -92 90 -4 32 -22 -75 -31 
-23 -92 5 -67 59 11 -14 -42 30 -37 
13 -29 -81 31 41 -63 -79 -50 -93 -24 
-71 25 62 56 33 52 -99 -85 80 -74 
-16 -94 86 39 -60 44 100 26 -98 30 
10 3 62
8 46 -9 
45 67 -9 
53 -58 20 
-73 55 -25 
11 6 -74 
26 -15 -47 
60 -9 -62 
-2 -19 32 
-2 57 -16 
-73 -55 -1 
