10
29 40 51
-15 -34 -78 92 -54 -64 -86 2 85 15 -70 40 -60 -86 -29 78 52 -2 -98 -61 36 -98 81 -25 -53 -99 -4 -10 82 -41 -91 -34 25 82 -92 22 -82 -78 -77 -98 
-13 -47 -8 -23 -82 64 -96 20 -39 58 59 97 60 -11 -79 -94 -60 -33 -4 73 26 -45 89 -99 -63 97 23 -95 69 46 58 -95 50 -51 -17 18 -88 -63 -63 -26 
95 96 -80 4 -66 93 -40 -25 -41 56 -53 86 62 -65 87 49 83 -41 54 51 -96 -39 7 4 10 90 -79 -27 77 -42 -3 72 -97 17 -25 89 -41 -14 -87 19 
92 -40 -46 53 -55 -60 -49 78 -51 55 29 -47 -85 86 8 -24 75 29 49 1 38 -55 -28 -9 12 -2 -21 72 34 -8 -60 25 2 -6 -22 -2 -16 29 -25 33 
-16 54 36 -51 39 -57 25 -37 23 -27 65 -40 -32 87 1 81 -66 81 2 68 -78 42 -7 -25 -65 21 73 -31 100 98 -99 -67 2 37 -17 -60 81 -93 -46 3 
-69 69 13 -1 5 -87 -71 40 44 -19 -43 17 73 0 92 -93 -80 14 -74 71 -39 -73 -97 63 65 -14 54 -5 -56 -93 48 -25 26 -90 24 -70 -77 54 70 18 
85 78 -66 58 -23 76 15 -52 -11 42 -82 50 69 -79 -37 -17 -42 -84 78 -48 74 -25 27 -1 -15 -100 29 -41 4 -1 77 -11 -24 61 -54 3 36 61 51 75 
-48 69 -26 -79 41 -13 -46 99 3 83 -100 -24 -43 27 25 -7 27 -46 52 -69 3 -22 -30 29 -62 16 -69 24 -74 83 -52 -21 1 -28 -50 -59 60 4 90 -38 
-14 90 -11 44 -34 -87 -64 44 -83 38 25 20 -85 95 -52 -97 -40 -20 27 -14 -88 25 15 13 97 65 5 56 -31 -56 69 55 -66 -93 -52 -50 71 -66 94 89 
72 -32 8 37 -38 57 40 22 87 -84 59 99 41 -77 -39 -12 89 16 94 -93 61 62 12 95 19 61 95 -10 45 89 -72 17 -44 36 -47 -31 -58 44 41 79 
60 -51 27 -49 -27 89 39 -39 4 32 -82 -86 -56 30 59 13 -60 54 53 86 -8 81 -48 48 -33 -45 67 9 99 8 -12 9 57 65 60 80 53 -2 91 -93 
80 -92 -79 74 39 81 -13 79 -16 -61 14 76 -80 66 -27 -13 -79 -60 46 70 -2 84 -22 -96 49 88 85 -49 -65 75 -92 -85 84 -70 89 -28 61 -75 -100 95 
-35 15 70 -65 -70 -58 -28 -49 -18 -83 72 30 52 100 35 0 88 19 1 -78 -7 10 88 -74 -10 27 -2 -50 52 -1 95 -84 -87 64 -99 -57 -95 -27 -55 -62 
-9 67 68 93 66 -48 -8 53 71 93 76 -36 -48 63 -10 42 -11 39 42 92 -63 36 58 -100 -1 60 94 -45 -68 -62 -57 -27 -96 61 -35 71 -87 7 -27 84 
-50 -52 98 2 62 -62 -56 -100 77 36 42 64 -28 0 64 21 -41 57 76 -9 46 -82 15 0 30 80 -80 43 -13 -6 -24 -13 -8 -76 89 -97 -38 83 55 89 
19 -4 52 91 96 -35 11 -46 -79 -63 -4 17 -95 61 -83 35 40 88 -73 77 -19 4 -37 24 -22 -98 27 -10 85 -19 -22 3 78 80 -57 23 95 5 78 66 
42 -77 -17 47 84 -50 -68 -27 -63 -91 -100 -31 -37 -87 93 41 -85 -31 -70 51 1 -42 -97 -72 88 -53 51 82 2 -22 48 -57 -49 -70 40 -66 -70 22 -42 -33 
32 -92 36 95 -79 -22 36 88 48 16 38 -52 75 41 -24 62 38 77 44 -61 -45 -59 -68 6 -79 23 -9 -49 -56 49 18 76 57 -96 21 28 -68 -44 15 80 
72 -98 78 -4 44 -97 -42 -69 81 52 -79 86 43 -47 -9 64 26 32 -86 71 -70 -18 -4 37 -14 -84 -35 19 -78 80 -52 45 83 77 -60 -24 80 -52 -43 10 
50 -22 -5 -8 -18 87 -45 -93 -32 -31 78 -1 2 -76 -65 88 -60 0 -44 -87 -70 -45 58 63 -69 48 -62 -90 97 -55 21 -4 24 66 89 56 2 94 63 71 
-87 -9 -31 15 15 4 -48 5 -96 -41 -32 85 14 -75 47 45 74 35 5 20 80 76 -85 -47 42 54 -92 -57 48 72 64 61 -88 -68 -75 27 37 -23 82 -9 
36 -50 -25 -51 -75 -79 44 49 6 -51 -32 -15 -76 -66 39 16 88 47 10 35 -32 -27 -55 -20 6 -30 57 93 -2 39 -67 -67 39 -42 -67 64 -71 77 13 35 
-75 31 -81 -100 65 8 16 3 -45 -75 88 -27 -1 -67 54 55 -47 10 -3 51 99 30 85 37 88 -83 -49 -84 94 14 51 70 95 20 70 60 -72 -15 -88 -67 
-39 100 -44 60 -68 -91 -36 -64 20 61 87 -32 -10 21 -95 -73 -12 -94 94 -18 20 -6 -99 14 -87 71 -77 92 -95 -65 75 -34 86 -69 76 68 91 -61 -97 -40 
100 91 29 -61 -39 -16 -84 50 -10 -91 82 60 3 83 -27 -33 53 -53 -42 8 -68 84 75 -83 65 50 86 55 40 89 -85 -11 29 -6 29 41 78 -5 -10 -33 
5 -29 77 -93 -47 100 -26 56 -54 -17 -37 -71 -34 88 -54 -70 -12 82 35 -73 21 50 -34 100 94 45 40 71 -60 -71 88 45 0 64 2 3 64 27 -42 60 
-91 -28 89 -75 -91 -65 -95 -3 67 40 -26 -13 -60 41 -13 -67 -15 77 55 25 -94 42 -81 -44 6 22 10 -81 -52 18 79 -93 90 68 -68 100 53 88 -54 -31 
-23 21 57 17 -89 94 1 -4 70 -45 72 26 47 91 83 -98 -38 -8 -79 -40 -91 51 -33 50 18 -51 -1 -80 -64 45 -11 14 -85 96 81 -74 39 -69 -27 9 
-14 -56 -66 -67 85 67 86 -53 -92 -93 7 69 58 75 18 -75 74 67 96 61 -39 -66 -26 -73 81 -96 -97 19 -64 -24 78 -28 -30 63 -45 -45 29 -59 2 -12 
33 29 34
56 -17 24 31 -43 -60 26 -83 1 10 -59 28 -10 -55 -18 -91 -69 58 87 4 -72 49 59 -67 -72 100 -15 16 98 
-57 22 3 27 -55 -67 34 -15 9 51 36 -81 42 -86 9 87 -4 18 69 -97 -45 -28 82 54 81 -86 82 31 -1 
-53 -22 -7 69 82 70 64 -86 3 99 24 -97 35 -7 45 49 -99 -19 95 -30 -51 98 25 -29 80 -72 -98 44 -90 
-17 94 -93 61 -14 77 42 -95 -10 7 8 -11 81 11 -77 -27 -95 22 -76 -14 16 -6 -14 -37 69 57 -58 98 9 
37 58 92 30 15 53 -85 -9 -56 -80 82 1 -22 -30 -69 39 -57 4 44 15 -21 80 81 73 -35 -57 -8 73 -64 
-61 -69 73 47 -77 2 -39 26 -33 3 70 -63 -66 -29 -35 4 2 -97 -3 57 -3 -89 -65 -74 42 58 -58 85 100 
-86 71 -62 -55 43 85 -82 95 97 44 -89 -1 14 -52 33 35 -37 87 87 -84 -17 -7 13 -56 -22 -10 86 -64 32 
20 -65 46 -59 -76 41 34 59 60 29 55 3 -10 -47 67 -11 86 -49 52 72 -62 69 -96 31 -69 -52 -91 21 84 
96 -48 -46 81 48 -5 -96 -61 -72 64 49 7 18 -49 98 72 69 -14 7 -81 -63 -21 -93 56 -17 39 88 -18 -2 
-42 -85 -7 11 -81 -27 -92 14 -72 -53 -7 92 46 100 -41 98 47 81 16 -68 -12 -15 -80 67 -7 76 100 -69 13 
-69 -21 72 -53 22 -18 -34 95 -60 31 73 -62 74 14 84 73 74 31 -30 54 -54 -48 -59 -18 -28 -93 75 99 58 
56 11 89 -66 -18 86 56 14 -98 0 5 33 -27 43 6 87 -24 -72 60 -93 -52 -36 -97 1 5 -15 23 -37 -41 
21 71 -86 83 59 99 -86 45 54 29 47 -96 84 -71 -23 -24 -15 -87 52 13 24 59 12 88 13 -88 -58 48 35 
-45 58 -44 -75 22 89 85 21 -98 -21 -76 -19 -75 -72 -36 -46 -45 40 -11 -31 -8 52 93 -100 -37 30 -37 -25 72 
-89 -90 -73 69 -84 -48 -10 -96 87 -90 57 -35 86 -62 -60 -87 2 -56 -31 93 33 -12 -16 -15 -70 -66 48 60 -2 
-77 -19 -41 84 -42 -73 50 -39 -33 4 -53 -72 -40 -37 -87 -2 3 77 51 48 96 43 -20 -67 77 65 -37 -90 -37 
73 -42 -14 -46 -33 -81 -38 -6 19 23 12 -78 21 -10 -68 84 3 31 -14 -71 -69 -67 -75 74 -36 -42 0 79 -28 
10 -59 -56 19 -23 -52 86 -4 -39 -70 -86 84 -8 87 4 82 -81 -13 -66 0 74 -37 31 57 -62 -46 71 -53 54 
50 19 -87 91 13 32 -32 12 -32 14 73 -2 -21 56 40 -85 -90 21 -66 -3 55 34 -80 -83 -86 28 -44 -32 -2 
-47 -79 -53 72 -65 89 -16 17 -94 46 85 20 18 -68 49 -26 72 65 -16 -58 49 31 97 -17 2 65 -53 -71 71 
16 -23 -77 37 -25 95 22 -37 -72 -61 -31 75 74 39 -8 57 -62 16 -22 53 50 21 1 -69 17 34 33 -19 82 
12 -49 -3 39 -26 84 -87 -82 -44 -24 -53 -55 -5 72 -82 85 -87 25 -78 30 -97 75 -71 24 -75 -40 91 60 43 
-28 41 -96 -27 88 44 -2 71 7 16 77 34 13 -79 -72 -66 -60 63 -52 15 85 28 18 9 57 -59 35 68 -68 
-6 -40 -46 85 -35 -23 72 59 75 -8 -35 -59 -31 99 4 -10 78 39 -20 40 37 96 -25 -36 -37 84 71 5 -32 
-12 -13 12 49 -9 -4 64 18 -33 22 -57 10 37 -16 79 -14 88 -32 -87 -24 -1 3 -88 -56 78 -74 7 12 98 
-89 30 -15 -52 -58 84 -11 38 47 -93 56 -82 -50 -35 56 -16 -57 92 -79 -39 55 -2 10 -43 -40 54 86 -13 -39 
-3 -66 -78 77 19 -29 -82 3 10 57 100 17 -38 -82 17 27 24 -100 20 15 73 81 -31 -30 -9 -24 -20 -56 -39 
67 -45 8 -100 -22 -15 -30 49 3 23 -92 -91 22 -24 -29 40 93 98 -37 44 17 28 16 -52 97 36 -11 -27 -85 
-17 34 33 39 93 -17 -84 -23 3 15 80 -75 23 90 48 99 -90 -13 42 -92 1 -65 -25 -72 1 23 76 -64 62 
99 -99 -55 32 -16 84 24 18 50 51 -80 -36 31 -54 87 -30 44 36 -20 81 -73 -62 -19 -38 -36 -40 63 87 -65 
49 -1 -67 0 44 15 85 -23 90 2 -74 40 -28 -60 -80 18 77 -10 -39 -38 21 93 -11 9 -27 51 73 33 13 
10 68 -89 -92 51 12 2 -34 -54 29 -45 48 5 95 70 45 66 -62 21 -95 -51 84 26 -59 -78 86 15 74 58 
98 -64 -83 16 -52 -75 -34 10 -23 32 56 -95 37 -47 10 -18 -78 -96 -53 -40 -24 -48 10 -41 29 51 -69 14 -85 
42 42 71
92 -61 -21 -61 -86 45 -1 -58 -73 -46 -53 64 7 8 -55 29 12 -58 40 88 -5 -51 97 74 50 -72 -63 66 83 -92 29 74 98 -93 63 -88 52 -39 -96 79 15 -49 
-7 -79 9 -12 1 -79 31 -60 -92 76 -11 56 -1 89 84 36 54 66 44 -18 40 42 -11 -48 4 -59 14 8 70 -72 9 -88 -100 -82 1 1 90 82 -9 48 7 30 
3 -95 18 -64 -9 -28 -98 85 54 -8 -24 94 44 80 85 -93 -63 4 -64 -3 17 -64 15 68 -13 4 49 78 -49 -95 7 5 61 -76 41 -49 -54 -7 -65 -100 35 12 
44 -71 -59 28 -64 -71 -69 -28 26 -2 -42 -60 -35 -5 -6 64 -28 -5 69 29 50 29 54 -9 30 100 84 16 50 -31 -73 -57 -2 -82 71 34 -53 53 57 73 -50 -86 
63 -34 10 -94 -71 32 2 49 -39 -49 -73 65 -8 8 14 -74 -77 -86 -5 -100 -43 93 -82 79 -24 -34 -19 -68 -62 -19 98 -99 47 -43 -93 27 89 -41 -75 100 -39 -98 
14 3 10 -72 29 33 93 74 33 -51 16 52 78 93 68 -42 75 -95 40 72 57 -64 79 15 63 18 24 38 17 35 41 82 -62 -50 -91 67 34 -99 -9 -84 -100 -94 
18 29 49 -15 87 -26 -59 -24 -55 48 13 75 -88 -75 -8 37 64 59 -29 4 40 9 4 -1 -74 -63 -50 -33 -96 -99 -27 22 30 73 -93 16 -54 99 43 -59 46 -45 
-85 9 -70 7 -55 94 -84 -34 -53 56 76 52 -95 52 89 -45 -82 43 -44 -59 -35 86 -87 -78 -48 -91 -80 45 -49 16 50 -34 75 80 24 -81 24 -10 -14 71 96 -89 
22 -100 13 -39 -94 31 -97 -38 22 -32 99 36 -60 -100 45 -90 -5 46 -23 -56 63 -49 74 -64 -29 -3 26 7 -32 21 -32 90 -28 81 -50 -22 11 -96 -10 83 -78 -62 
18 -37 89 -87 -27 -17 9 50 -23 -29 -99 -49 7 -78 48 83 29 66 -46 97 56 26 27 56 54 88 10 94 70 33 -68 -62 96 71 -49 -32 -96 10 69 -19 82 20 
-18 -62 42 -70 -79 -80 96 -75 67 1 1 -7 -93 -46 -20 17 -53 100 -51 -71 -63 95 -100 -12 -37 -96 49 82 -65 30 1 18 18 93 48 -11 -88 -7 14 29 45 -86 
72 52 -32 -49 -82 -34 -100 -32 -55 -62 -38 -55 -24 -25 100 -76 -94 -65 54 7 53 -28 -51 -50 11 -89 43 -75 40 -63 -61 11 89 -42 12 58 -26 13 -75 19 51 -63 
15 -74 -37 14 -49 -31 49 55 77 -49 77 76 1 -12 88 95 -37 27 -69 2 -62 71 10 0 28 34 -88 3 -47 13 40 68 -10 -98 -69 41 -28 81 -55 99 -69 -78 
74 -17 -40 11 -23 23 -62 8 75 -74 -72 -65 26 6 69 -11 -92 72 52 -1 -11 -59 1 21 32 23 -49 78 -29 -68 50 96 15 -91 6 92 -18 -6 -50 -94 20 -72 
-59 97 35 -90 -65 43 32 87 -59 -79 -72 -7 42 60 66 93 -13 88 -76 -64 83 -10 96 -62 -19 -23 33 -19 -16 -98 10 -25 99 -56 -65 -67 37 68 71 79 89 49 
-79 -20 8 87 -78 96 74 97 82 6 -14 78 45 18 -96 -73 99 -62 -71 -42 14 -72 2 49 -89 -61 16 32 68 -46 -20 89 -16 39 25 6 -16 -51 -47 -35 5 -11 
-58 -51 -94 98 -24 56 -65 6 -87 49 -16 -34 -2 -55 5 64 78 -78 69 -43 61 -48 96 -65 9 -71 -16 12 -5 90 -100 -13 89 -93 -16 -85 13 20 -29 -24 -32 55 
42 16 100 97 -70 27 -82 99 85 79 -50 30 65 9 60 -52 -80 -96 88 -79 -9 27 79 76 42 -59 -55 -88 17 -37 17 -41 30 16 -45 60 -57 -76 58 78 53 58 
-43 17 -33 67 16 -63 71 -47 -42 -38 80 87 88 -29 -73 83 -17 45 -55 50 54 75 -34 -92 34 -41 83 -59 87 36 100 -57 -48 -84 61 68 -47 31 72 -38 43 51 
-52 -20 -78 -74 -38 -45 21 -42 -95 -26 83 -79 -68 -33 -70 -85 -42 67 51 -43 -91 53 -77 20 -29 -23 -49 -58 39 44 43 37 -76 15 13 -64 21 -67 -56 26 -43 78 
-3 -10 -56 -23 -45 2 -57 -95 10 -98 8 33 23 79 60 74 71 -52 -33 14 86 -9 -72 -52 -22 49 -18 22 -76 -11 -1 -29 79 -7 48 84 96 91 39 -45 94 -53 
38 -34 76 -2 90 47 46 -44 -40 -19 48 -12 30 -75 -63 62 -3 -89 -50 97 -17 80 -11 -70 63 -66 72 2 -61 15 -1 78 81 -26 -25 70 -80 -80 -75 -20 2 23 
19 82 -2 6 43 96 17 93 92 100 22 -70 81 -15 -85 52 37 -46 -34 -65 -69 97 -41 -44 66 -20 -23 41 10 29 -36 -72 -40 62 -16 -98 57 -99 45 -2 51 -33 
29 31 2 44 -68 89 48 -2 74 80 -56 -68 -65 -91 -38 -38 51 73 41 65 51 -100 26 86 53 -67 87 -2 31 -13 15 -91 69 -84 3 -100 55 -49 -51 28 -70 -7 
10 -85 -47 73 -72 -97 -5 69 68 96 20 -57 81 -28 -24 17 70 -93 -96 -66 67 23 -50 -30 23 55 21 22 -18 1 66 93 16 -82 15 44 72 -91 -37 -11 -96 83 
32 36 -96 59 -48 25 66 -94 59 -18 -21 60 52 -98 14 -78 -26 97 23 -61 39 90 -43 -47 -17 79 -88 46 -33 67 -22 100 2 -17 58 5 -93 -27 -39 66 55 41 
25 -43 -7 90 -21 17 36 -98 57 -26 92 64 -23 -26 43 -11 71 -91 -95 -52 59 -42 -19 -34 13 -12 -11 74 -96 95 -36 -21 -49 7 -32 30 75 -97 -18 31 -73 -77 
-56 4 -52 37 43 -82 -3 49 -84 -95 57 -2 -28 -31 36 61 93 -10 55 -93 70 56 14 88 -64 -12 92 18 69 69 -8 64 -27 40 -50 66 8 47 14 -26 53 -80 
22 75 -11 -42 35 -18 -2 -60 -11 -83 96 53 -95 -69 92 47 0 10 15 92 -27 38 -19 24 4 89 -80 68 -88 23 89 35 -3 -23 93 83 9 -60 73 98 -42 68 
51 -37 50 -8 -91 -51 -99 -26 91 -75 -88 -79 -1 16 60 19 -67 72 -58 -79 6 -11 -51 -52 -29 58 -11 -57 56 47 62 -44 60 -39 48 69 -40 -1 93 -50 24 -96 
-29 -78 -30 81 42 4 52 34 25 -42 -78 24 6 -56 -18 45 -63 88 -9 99 -57 -50 -41 41 69 19 -61 62 19 14 16 40 36 87 20 -73 -10 -78 11 65 -20 34 
-11 36 28 21 -19 65 8 22 14 1 73 23 92 -9 93 81 -48 -39 -6 69 -99 81 55 -29 -93 95 -7 19 9 23 -98 48 -91 -20 -32 -10 -56 76 -89 8 -74 34 
-69 -83 -75 74 99 -73 -66 -58 96 86 -78 0 -43 -70 -56 0 -1 54 74 -49 -49 83 31 20 -28 25 -55 -67 -67 -78 68 -86 -61 43 88 88 70 72 -70 66 58 -48 
-85 65 -18 -90 -86 31 64 88 82 65 70 -38 -16 92 88 -20 76 71 2 -7 85 41 -65 22 29 -96 -7 59 20 -100 61 -14 65 94 -4 80 24 -91 17 -44 74 -63 
18 -42 79 -45 -12 54 -75 90 -54 -91 -20 -69 -19 59 87 75 -33 6 75 -72 92 -10 -79 -63 -31 -5 -54 36 51 -80 73 -81 -72 52 -26 16 5 0 5 2 -41 35 
-17 -9 -6 -31 -85 61 76 90 39 17 -71 60 55 -52 -45 -100 85 56 71 57 25 99 8 50 14 64 -51 69 -85 -42 4 -2 49 98 68 64 8 -7 4 -53 60 -17 
57 14 32 62 -35 16 18 86 -78 93 85 -19 42 -52 95 41 -83 -91 100 21 -43 -2 -32 75 -88 26 -33 -34 73 -73 49 30 -9 -20 -9 6 46 59 -8 69 52 -74 
100 -57 -26 94 85 -59 53 34 62 -91 82 80 35 94 6 52 -91 -72 79 59 58 -80 89 100 -24 -15 8 18 -97 -91 -6 -98 -47 69 46 -63 -91 -2 21 22 -43 2 
-49 92 -54 7 44 -45 36 -28 64 -57 -58 3 -58 -31 88 51 37 41 10 -69 -7 63 50 -62 50 9 -14 -30 -70 43 73 -68 -15 69 39 79 -77 -26 -100 88 -32 -57 
-60 10 -38 78 -90 99 18 21 -71 -90 -67 79 99 84 -12 -16 -47 -32 77 76 -50 -39 44 90 -61 18 -87 -60 -45 -19 -67 -5 42 -5 -28 2 -7 40 73 -27 0 -94 
-99 -2 90 -11 82 93 8 8 19 58 70 -88 -3 59 30 -39 49 85 -8 32 -21 84 77 1 -14 -80 -60 -42 -7 -10 -86 -56 88 -97 -16 19 47 92 -73 -35 -1 47 
-23 47 -45 58 -93 55 42 -51 -14 72 -67 -37 -78 -31 -67 -37 -23 -24 3 -8 20 -9 -55 -97 -91 42 95 87 57 -56 33 85 91 89 42 48 43 -17 47 79 -96 30 
27 11 53
-76 -60 -74 0 43 -32 -80 -67 13 -77 94 
-95 69 80 62 -88 -37 46 53 -49 -13 -50 
44 21 47 -28 25 -23 -36 52 -75 -12 92 
-49 39 35 19 9 18 83 32 -39 88 -50 
-59 -1 -88 4 -55 15 5 -18 65 99 -98 
12 -30 28 39 -16 -71 64 23 72 66 -39 
-44 -66 70 74 -84 -49 -65 54 2 -74 -97 
-36 -20 -52 80 35 -20 -6 33 -17 56 53 
61 -6 -63 40 -42 60 11 74 71 67 -93 
-10 -9 -76 41 -24 28 93 2 31 -93 82 
29 87 16 -91 -20 99 -58 87 1 53 -20 
38 -8 -12 -53 -97 -39 -83 20 -31 -43 -90 
-57 99 -14 21 41 38 -48 48 -31 31 -16 
35 -10 15 33 -18 1 -66 -66 81 22 -23 
-81 20 -20 -20 37 100 -1 45 61 42 -7 
97 -37 -67 35 -35 32 -97 46 -85 39 87 
-20 -79 -32 81 -95 -47 12 28 30 31 -53 
60 61 34 9 -40 -22 -31 52 71 -34 -86 
55 -100 -71 -64 54 76 -99 -8 62 -18 -36 
80 -88 -31 -68 24 97 12 -96 94 -29 66 
-22 81 76 6 100 27 -73 -35 -8 82 -85 
21 68 70 -54 69 -89 58 -100 -25 38 -87 
45 20 -13 -9 83 -8 -65 -47 -43 13 84 
83 -82 84 9 96 99 -100 27 -86 -28 -6 
34 18 -87 -5 -24 -87 21 64 77 -85 -17 
-36 6 -35 56 -9 -31 63 54 -48 45 23 
86 -97 18 85 -96 -55 49 -24 -11 -68 44 
51 29 0
-34 -53 83 -58 -38 -84 6 19 -69 -89 60 0 74 14 3 -32 -64 -62 -28 4 73 -74 49 -29 -48 -62 3 96 -10 
81 66 56 78 48 49 91 14 -46 -41 46 -84 -82 96 90 -18 -52 -42 -32 -13 -20 73 -91 6 -29 -19 58 -41 34 
53 50 14 18 -45 -8 -84 -97 -68 30 -92 -9 -75 -76 -41 72 64 42 -81 -79 -91 -44 -49 32 -34 57 -97 -3 14 
-38 -70 -83 62 45 -15 -83 87 1 -80 69 82 79 -41 -94 -98 18 28 67 -91 48 38 70 -97 90 1 -81 -4 4 
16 -90 67 47 78 28 -59 -38 -5 78 64 -34 46 -5 -56 55 -49 98 -78 80 14 -68 27 -99 -99 -20 41 -48 -50 
-63 57 66 98 -27 -38 75 51 -47 -64 97 -70 50 -38 76 95 6 30 -54 -47 53 76 67 35 -48 69 -14 32 -41 
38 32 -4 -56 -52 -7 17 10 -83 -82 64 -96 -86 44 54 -24 -30 -1 32 50 45 86 -48 20 2 87 72 -80 -78 
-47 -20 61 86 26 -96 84 -81 -28 -7 87 -60 -94 91 -96 51 -5 -20 71 94 62 20 -12 -3 73 -93 50 9 29 
70 32 32 100 -8 -33 26 -54 -50 -5 -32 -6 -19 8 -50 -28 12 -100 67 42 21 10 -46 -59 98 51 -87 55 0 
22 -17 -80 -47 65 -81 -5 83 45 -8 83 -61 60 -24 21 -82 27 43 30 -23 -41 -78 99 69 -24 90 66 77 -98 
20 -73 -26 53 98 -22 17 -84 73 -51 12 -36 -68 1 75 -42 72 93 85 14 -28 -88 73 -6 61 -9 20 50 -44 
-53 52 76 -76 76 28 -79 -47 96 88 77 -56 -51 91 -74 51 15 -15 22 7 -31 87 80 -69 9 -77 92 -100 -6 
41 -44 -9 -58 83 15 69 -40 -14 -79 -95 -77 48 -50 -77 -11 -74 74 -97 11 -55 -39 31 82 -60 62 -9 -87 4 
-59 -43 -56 -53 48 -63 -71 -88 -95 -60 -52 77 -55 -78 25 -55 -55 64 -28 69 67 83 -87 -73 -37 46 -83 76 -64 
82 -21 -73 89 23 -26 -13 60 -46 -51 15 -6 -2 -8 39 -30 -84 85 15 30 -94 -67 -54 39 97 -26 -98 42 -59 
78 78 73 -94 55 62 -21 -71 -52 90 -67 -3 4 27 45 96 -85 -86 62 50 -21 -9 56 12 38 -5 9 62 -3 
-100 -98 -76 29 26 -70 -17 -13 9 12 -15 -2 45 82 -98 -79 -23 48 -63 -59 10 87 -29 -100 -7 33 38 88 92 
-51 -66 93 -98 -92 21 28 89 -97 65 -53 -34 -51 46 61 81 -2 33 -43 96 70 -1 5 6 70 -44 49 2 44 
-14 -56 94 20 -64 96 -22 57 23 -34 10 -13 14 76 -14 -91 -13 -34 -43 -81 24 -48 39 73 8 95 -8 64 44 
44 7 -71 88 -50 0 -77 -55 78 30 18 95 -60 55 8 66 -60 -33 -48 -43 -26 -29 81 26 -91 3 84 55 45 
47 -2 -12 -96 -23 -74 -46 77 -51 -50 5 30 18 -1 70 -27 57 35 -37 -77 88 20 -53 -92 -50 23 69 3 7 
23 -53 -97 71 36 -93 -53 62 -88 75 61 -38 -21 -10 30 78 -91 -98 -16 -5 -84 7 -68 36 4 -60 37 -74 -92 
-61 33 -19 -13 37 -49 73 -6 -51 -16 6 -77 95 18 2 -65 -52 -71 -56 -100 13 39 -84 70 71 3 -27 62 -61 
-1 20 -22 -68 -99 15 19 -98 -13 -88 -49 71 -31 -76 66 37 26 51 35 5 95 36 -83 -16 2 37 -96 -96 -91 
66 94 -41 -64 -78 -59 -63 37 60 90 -76 22 92 45 41 -85 -40 -22 -8 -90 63 97 56 -52 65 90 51 1 94 
5 -39 10 -1 20 46 21 61 33 -93 -30 22 82 92 -37 -23 -17 -21 37 61 21 -2 23 -33 -97 72 -69 93 -28 
-17 36 27 44 -55 -75 -87 91 -4 74 -27 -46 94 96 -65 35 -92 12 -83 -63 100 28 58 -53 -99 -75 -100 73 -94 
93 95 -11 -22 21 83 24 -3 96 -36 43 19 -12 97 12 -67 83 98 -59 -6 -86 -21 -57 -7 -64 -10 -6 -89 -10 
-84 -82 -68 -90 -43 11 -19 -60 85 78 -65 99 21 55 -64 -33 -84 -31 -51 -87 11 44 79 90 37 -29 76 -73 65 
88 -33 31 56 -50 41 -88 11 -79 -48 -55 50 -62 94 -30 43 -70 37 59 -1 87 23 -91 -20 -49 99 -84 -28 75 
94 87 12 -89 17 -33 -39 -93 -21 72 -72 -18 67 78 20 60 98 -38 90 -15 71 -11 -79 -57 -52 -49 -56 98 -33 
16 22 -89 2 -67 -78 69 -50 -67 76 29 55 55 61 21 32 -70 -20 -20 -58 -30 65 -87 9 86 -94 7 -64 -49 
4 -47 17 -75 -86 70 -92 87 38 -42 -81 -36 38 74 -82 -2 -6 50 29 75 80 71 95 44 34 -47 -21 -9 60 
-35 -8 -86 19 -92 -61 -17 28 99 -30 -84 -44 -11 -20 44 -87 -2 93 7 98 -29 -69 78 -59 76 21 26 79 -100 
67 39 -35 -42 53 34 -84 42 -83 45 40 -13 61 47 26 -60 -10 39 38 -68 97 35 3 78 12 45 4 84 -80 
-18 34 87 71 49 95 -27 -17 -90 -85 -50 55 5 -13 -35 -49 63 -45 -8 -48 93 24 99 -22 78 76 40 -28 -71 
-27 -8 -38 -94 -72 -68 56 -78 6 89 -68 -29 89 38 76 -25 53 78 -63 -92 -81 -61 51 -7 -63 79 -30 64 -31 
42 93 42 84 -96 49 -89 -63 -46 84 -7 93 67 64 81 -46 -11 -45 -94 -84 -58 65 -65 -68 -34 -21 -31 -56 -1 
83 13 -59 26 -45 75 30 54 87 67 58 20 -91 50 -14 73 30 40 -88 35 -3 -72 27 -89 -86 59 -23 -7 79 
22 92 61 85 83 -14 90 58 67 43 -6 33 -50 64 43 100 -50 -35 -21 40 -23 64 87 -44 -9 99 -30 100 -25 
13 28 47 -46 -11 32 -63 25 21 45 -9 -86 89 75 -36 52 -33 -86 52 -18 -57 -58 10 -93 -72 66 -52 -74 86 
-53 -48 -2 26 99 2 65 30 39 -11 -49 -67 31 -85 -79 -45 -21 24 -28 -57 -25 54 -13 17 -87 -6 -4 29 42 
22 14 39 24 62 -36 23 -36 -72 -98 53 -32 -97 87 49 -82 58 54 -2 -69 -75 -9 7 29 78 74 43 -29 -31 
-29 63 42 36 -48 -35 -53 16 38 11 -5 41 -86 13 44 51 -39 63 -42 65 -90 -10 90 1 47 -32 -71 20 -90 
-50 40 -68 -87 -69 18 -35 -54 65 31 85 -74 76 -25 -60 -12 69 41 -1 -19 99 -37 -9 -62 -98 43 85 -29 22 
-45 -19 72 95 -37 35 -75 81 50 -29 -4 -19 -95 22 -44 -20 12 -5 -51 -48 94 30 -100 -43 72 -61 -41 -36 -77 
30 86 -22 62 7 -78 75 -58 -53 56 92 -31 -49 -78 -26 23 -71 5 85 24 4 87 17 -67 87 24 55 76 34 
69 100 -87 54 -73 25 -39 -100 0 -47 98 -45 -56 -34 -44 -83 -9 29 -54 46 13 70 -51 -1 -64 -68 -65 11 88 
-89 -56 56 61 -93 -40 38 33 -29 38 -68 24 36 -63 18 52 -57 35 93 22 81 38 -66 0 87 -17 37 -81 -32 
98 57 -71 -59 -38 40 99 22 -22 31 93 66 13 -34 -49 0 85 -97 -7 19 46 -86 0 -16 99 100 -30 -69 -14 
-61 0 -17 96 -21 -26 -42 -81 -77 30 -3 54 23 -88 -83 39 -36 -33 23 -83 61 -58 63 75 -8 97 74 -59 -83 
28 40 49
-46 61 -98 34 86 -90 53 -92 40 100 12 -88 -89 -21 52 -75 47 -26 -58 7 -34 56 -19 58 52 -96 100 69 -91 -23 -75 -87 88 78 47 73 88 -51 31 -23 
99 -57 -10 -90 22 92 -65 -32 -85 -72 75 -18 84 -94 90 35 -90 89 4 70 -85 -21 84 54 -44 -20 -24 94 30 -93 -30 -22 -50 10 -12 72 1 -26 91 -33 
2 15 49 -65 21 38 70 -18 -23 -77 -49 -58 -48 85 96 8 -85 -28 -49 -5 -21 22 73 -21 82 -39 -100 -17 -15 91 0 37 -44 -52 72 27 36 41 -92 63 
15 -90 -95 67 45 51 -75 60 73 -24 -46 -49 48 -73 -20 30 -62 -19 63 -27 -79 -38 -91 -23 -40 81 -96 96 -29 63 59 86 23 14 3 -32 -36 28 78 -63 
54 -68 -62 2 -91 -31 82 98 50 44 -30 21 56 -71 99 -85 -91 53 61 -70 -35 19 67 89 83 -31 -44 -53 47 -67 -66 0 -85 -78 52 75 -9 33 72 91 
-74 92 12 82 71 -40 97 80 -88 58 61 -23 -74 27 -35 -91 46 -29 -94 -8 -45 -60 42 -30 -38 -6 -55 4 -74 67 -6 -47 9 -95 85 -21 -35 32 -91 -73 
-11 70 5 -35 -54 20 -76 92 42 -70 -67 97 -80 75 -84 -67 -32 -89 37 -55 79 -70 -52 -63 87 -68 16 -49 64 -25 -21 -98 95 34 -82 -60 -97 -58 82 45 
-77 65 -9 -57 40 8 -24 58 19 63 53 -53 94 -100 -16 80 84 51 81 -3 -75 -41 0 71 43 -32 61 47 10 -7 -59 33 -43 33 27 97 -60 53 5 59 
16 -43 -94 9 -42 -10 -62 92 91 69 -12 67 -72 38 37 21 -95 -3 -33 -34 40 9 49 98 92 -25 94 -69 -72 -2 90 44 6 46 -98 64 87 91 55 77 
59 93 43 37 31 -71 -42 36 -23 -25 52 -84 34 1 -87 25 26 58 56 4 -95 -4 -53 11 92 100 -76 78 40 29 55 -1 22 -53 86 -48 -23 94 38 54 
-31 -10 20 53 41 34 -22 -34 -9 84 71 -54 -71 68 58 -79 18 82 99 -43 11 3 6 83 51 -58 -66 78 -65 22 -19 -46 62 -100 -93 2 34 -65 19 75 
69 -11 72 99 -94 29 70 24 -40 18 32 21 -79 88 3 22 -71 37 -1 -85 -91 30 -31 71 30 -24 -27 -86 -39 92 39 -70 -70 10 79 -64 89 48 11 -51 
-35 93 70 -64 80 -77 58 60 10 -94 75 19 36 -57 -10 -84 -30 13 -70 31 4 19 11 -16 -71 -11 20 -83 87 81 -84 -48 73 37 -12 3 60 97 -38 -81 
-98 87 39 -11 -71 -72 5 -51 -9 -15 31 95 -97 -59 -72 -68 -19 -2 -100 -33 -21 67 -31 -99 -47 8 -46 -88 4 16 -68 6 -48 21 45 -68 -1 -51 -19 90 
34 62 34 38 -97 62 20 -66 -41 -30 -49 -12 -63 21 -60 -10 -72 -6 -47 -18 61 -65 88 -88 6 33 -56 -96 32 -24 94 -34 -63 -23 54 91 -62 -27 -76 -53 
-6 -24 -14 -19 47 26 21 75 -81 24 -44 80 59 94 43 -86 -24 87 -82 59 -38 62 -76 -50 -62 28 -60 -74 51 -85 -26 -56 -9 10 25 88 -65 -54 62 -46 
20 68 85 -21 11 27 -7 38 -37 -38 -4 -24 -77 -30 26 -88 98 66 -62 -2 31 -38 43 -79 72 -83 -92 -94 -87 20 -89 34 -63 96 63 -1 -28 -95 -64 35 
-33 -18 -90 -59 2 -14 -47 -51 -48 -9 47 83 4 -11 55 -25 -43 13 -68 -30 84 -57 -97 71 89 16 -31 -90 22 -45 45 89 -13 6 80 89 92 -68 -63 94 
-26 85 27 78 -77 -69 -48 -70 -6 -16 1 -23 -23 -46 99 -85 71 -83 -75 -58 -27 21 -70 60 -74 61 -1 68 93 36 62 -34 -30 -62 -57 -56 -31 -54 -26 63 
-20 75 91 58 80 39 73 0 56 49 42 -72 -31 22 39 -55 -18 -63 -88 -25 23 24 -9 94 62 -15 -63 81 31 11 44 -90 -64 -16 18 66 -78 -59 -35 78 
40 -94 57 -92 28 -55 -97 61 -18 -85 86 -96 -10 -24 48 -99 11 35 83 -59 -54 26 -98 -68 60 -30 98 32 11 -88 9 -50 69 -85 -92 -4 -40 -89 -94 -8 
78 92 -3 -83 -82 95 -82 29 30 -100 71 26 -24 23 8 -65 93 -45 67 -46 -33 -74 -46 -65 -59 -87 -19 -48 75 -12 44 52 -71 91 19 -53 86 38 77 15 
38 -3 91 -86 -81 -2 100 62 53 17 66 -81 43 71 -96 34 84 -15 86 58 23 -20 -40 53 -30 79 100 -45 -34 76 20 -96 -28 -40 69 -59 58 68 54 10 
-16 19 -21 77 -11 -67 11 -78 19 -54 31 92 26 91 44 97 19 -6 -99 86 -31 -28 40 -8 32 8 -17 -60 -75 -64 0 -40 56 80 -64 95 -88 -3 -83 -19 
44 48 -77 -81 -12 67 -85 -94 -40 68 42 -20 90 -19 22 -29 39 -96 11 65 -59 -89 -76 47 41 -40 41 3 8 8 35 -49 -95 58 -30 -7 -26 -64 -50 -15 
54 42 15 -7 -77 -64 64 62 91 -75 -24 82 87 0 28 27 11 -81 80 -82 -23 14 -81 -17 -79 -61 26 -4 -25 76 81 79 18 -5 -29 -9 -19 -65 -98 -29 
-90 -21 -47 97 29 31 23 90 50 -48 58 -73 17 77 10 38 -84 86 84 -59 62 14 71 -71 59 -59 -30 -61 -74 -28 -39 -64 1 14 -68 81 -56 5 70 45 
58 28 22 -76 -46 82 62 -30 67 -4 -38 -22 -91 -68 -43 69 -77 27 58 -50 50 -82 -64 -100 32 -81 81 27 24 51 -79 -69 -72 43 -95 -18 24 18 3 -10 
87 20 37
-78 47 -75 41 70 3 -1 70 -48 17 57 -48 100 76 84 -24 -51 -16 -3 -69 
12 90 -64 44 13 54 -54 53 17 61 -29 -10 7 -53 -70 -73 50 -21 47 52 
97 -47 54 46 79 37 72 -72 -80 -32 -91 -18 -43 96 -74 20 50 -28 -28 -34 
-67 44 56 -10 41 37 -33 -10 -85 65 -59 62 -83 45 -43 97 -18 -72 75 2 
-54 84 85 3 79 61 73 -22 -68 96 -5 -85 -11 -50 -44 -71 37 23 19 3 
-63 10 -36 -45 -46 -28 -49 -14 0 76 89 47 59 23 100 -13 -17 73 66 -35 
18 -40 -69 -94 -40 -13 -65 98 60 54 0 98 -87 14 -48 -83 86 -47 4 -64 
-72 -58 83 37 15 32 -77 48 -46 89 -88 72 99 -57 78 -41 -20 -88 -94 -60 
16 6 88 -21 70 90 -3 6 -58 51 42 -80 93 -26 7 7 -95 30 -46 -90 
-31 -84 32 -33 -90 10 -24 -10 -28 -18 -20 39 38 -33 -83 8 -44 -36 -87 -52 
-86 5 -82 -94 79 25 -37 34 -95 -33 44 -26 -16 -24 -9 -56 36 18 34 -93 
100 65 -4 -12 -69 14 46 -62 78 59 -14 93 -87 5 49 92 -71 -88 25 -66 
-71 -81 -42 13 -55 0 57 81 -83 -59 38 67 -95 -66 -46 87 -2 100 -76 -75 
8 11 68 21 66 17 12 95 -21 88 80 8 57 88 72 -99 -13 -22 32 -46 
19 -31 -79 -26 -47 -75 -39 51 -75 -15 27 -17 96 -6 55 61 61 -84 6 90 
-97 -65 -2 60 73 -81 11 -90 -3 -58 -36 67 12 -65 -60 15 -39 1 -84 -64 
37 43 -31 32 87 -77 -57 48 -60 -1 37 94 -16 85 54 -44 -97 -86 -84 1 
-43 -19 -33 19 -34 -43 -67 27 59 100 13 -5 42 83 77 29 -95 70 -74 96 
-82 63 90 2 -2 43 9 1 57 25 52 64 56 69 -18 -78 -74 -34 -1 35 
-35 -88 -71 -93 95 56 -14 50 -24 -38 46 -6 75 35 47 -28 -73 -95 74 34 
-20 25 -2 -64 -56 30 -42 -30 96 7 -96 -39 19 84 -82 -37 -11 -46 -87 65 
16 9 -91 -10 -57 6 13 -80 11 -14 54 91 61 -99 -74 -96 32 -66 -76 27 
-8 -72 38 -90 -89 56 -26 1 -91 -63 -85 -25 46 -76 16 39 30 -72 9 -60 
-36 -38 82 75 -86 58 30 46 43 54 -78 -66 83 11 -56 44 -34 -32 95 -74 
-45 -90 -49 51 -66 67 -11 15 45 98 5 -92 -90 -14 84 75 95 13 -30 37 
-84 -8 71 49 -98 65 -7 -81 -67 -13 96 -12 -3 -54 -61 -18 64 -22 97 8 
-74 -49 17 87 38 -50 61 32 13 -70 -82 29 -28 89 -22 -75 53 21 95 36 
-93 90 75 -45 86 64 37 49 92 -17 -43 -83 34 24 -97 -79 74 14 3 -14 
44 21 65 67 -41 93 92 63 13 86 -2 -29 25 -78 26 10 86 -88 -41 28 
-5 16 45 79 -61 -1 51 63 -88 -47 99 7 25 13 -27 84 6 -86 46 69 
100 95 -61 24 67 65 84 3 27 -58 -70 72 8 75 51 -3 -77 1 -41 87 
4 -93 -7 -72 21 66 -88 -74 30 8 45 29 -48 85 -98 -81 -1 86 -28 -74 
79 2 98 -14 -74 -2 34 -50 49 43 -64 -47 51 -21 -19 -29 95 -57 -53 24 
2 92 -48 4 26 -96 23 76 40 45 -99 18 -54 49 55 -77 98 -12 -27 46 
-70 -41 99 81 -12 -70 -99 -18 -77 99 -95 25 41 -93 -71 -34 62 2 92 1 
-53 93 -81 -57 -8 24 -34 -11 -89 -11 85 -59 -2 34 73 86 64 24 -33 37 
23 -28 -38 -87 -71 -59 -71 91 -7 -79 -8 -10 64 -39 34 -45 85 50 -6 96 
-61 -71 87 -13 63 9 -27 -24 -67 40 -88 6 63 -76 -31 92 -85 -2 33 9 
-31 -76 49 -67 -65 -68 -62 -81 83 -17 65 72 12 1 -42 -76 -90 31 0 94 
-79 12 -51 84 -13 18 25 2 66 -43 61 -65 -69 10 -32 -34 42 6 -65 -26 
89 100 -55 -50 1 -46 -26 -39 35 74 -46 56 -64 3 -11 -27 71 -86 75 36 
-79 -14 71 -47 96 -62 19 -13 -5 55 62 -67 4 57 -16 55 61 8 -85 -4 
-68 -81 -49 -82 -28 -9 -9 -58 5 -85 29 26 1 -1 29 -4 -12 -52 34 33 
53 -55 66 -94 -99 100 62 63 8 77 -42 -10 47 -41 8 -82 50 99 -39 -96 
-87 40 -19 15 -62 -91 61 -24 -93 -56 -92 10 -11 75 17 -9 24 -22 -97 82 
-96 -89 -29 51 -80 79 20 71 27 31 25 -9 -30 -95 -95 8 -85 16 85 73 
61 93 -17 100 17 100 -10 92 -73 -57 73 -69 -46 95 33 -25 23 -48 96 -50 
83 -30 41 -48 -24 -4 10 -59 62 -56 -87 22 88 -54 -28 -46 -55 62 -55 -78 
56 -82 -96 -91 -88 37 -66 -15 39 80 35 -29 -100 -75 23 -74 21 83 -33 -17 
-73 -70 55 65 -23 -74 -82 -28 39 -36 -5 -6 -68 -51 -47 95 86 -62 -21 -26 
68 65 45 68 90 -83 44 11 100 -90 44 77 92 -52 41 -82 -25 10 -60 64 
74 -15 -93 56 34 -90 50 -31 99 -72 43 17 93 -13 -16 83 4 79 -57 -46 
89 37 81 30 85 -28 -2 -91 82 39 73 5 -77 30 -40 8 41 -91 77 -11 
88 20 -95 31 57 -60 -37 -39 -82 -44 -35 57 93 -55 -13 77 -33 85 87 -52 
-27 9 53 -53 90 63 55 -20 72 31 69 10 -100 75 -60 58 -86 3 69 -68 
59 -67 89 1 -72 -75 -23 -4 61 -87 -6 -67 -27 98 -70 -38 60 85 -8 -18 
-34 -40 92 -34 -66 -69 74 99 -16 42 81 93 25 20 -57 54 45 20 100 -45 
-16 -57 -61 57 -60 -31 69 -100 -96 -40 -18 -30 -30 -27 -14 -45 -46 -40 -47 -12 
52 85 -70 -23 4 -27 81 99 43 30 -46 -74 73 -57 33 -87 -38 -49 64 -34 
-39 -55 -14 32 -32 23 87 -28 33 90 10 -16 74 40 11 -73 63 -9 -74 5 
-80 -70 -18 94 -27 -86 57 35 -84 20 52 -23 15 88 59 33 10 -5 -96 -58 
-65 14 27 -92 -97 -63 87 66 -21 -88 -80 -51 93 2 93 -35 -33 49 50 -67 
-82 -49 10 33 -61 -81 -85 49 14 -81 42 -1 -17 -82 -42 -64 -95 -56 52 -16 
-44 73 34 -52 -76 26 -37 -9 -75 63 24 -57 -86 85 27 -97 54 42 2 -83 
12 -57 17 95 -89 75 82 -83 -82 33 1 -26 5 85 -28 -20 -39 -15 21 -14 
-53 96 -21 -89 80 -95 -86 33 -2 -33 50 -91 -40 -84 54 -28 91 35 -11 -92 
-82 40 -68 23 -25 4 53 36 39 -26 -79 87 -31 0 48 -52 -44 13 31 54 
80 -70 13 -61 -53 -34 -39 88 52 50 97 70 -60 -72 -58 15 -17 96 -50 -79 
-31 -79 58 38 -29 6 36 27 -82 -84 -70 48 97 -7 37 94 60 99 82 -39 
48 78 -70 38 56 -78 -48 -62 -83 -48 -90 -64 -27 68 24 45 -77 -91 -79 -59 
-75 -98 39 73 -5 -24 66 -96 -26 -3 -35 72 -76 -55 10 81 -32 62 69 -65 
65 79 -78 -63 -3 46 32 20 56 4 62 31 6 -50 3 -100 26 -81 -95 100 
16 -80 72 -9 -34 -69 -29 -16 43 90 -31 7 69 -9 45 -35 88 -74 85 43 
30 -4 -77 -65 47 27 87 -28 46 42 -78 -89 62 44 2 78 75 23 -89 17 
13 -19 -76 -69 22 19 -54 9 45 81 -99 -75 -23 -75 -90 74 2 97 96 98 
38 -83 -92 -50 61 -39 78 -15 34 90 -98 97 -30 77 -73 42 -5 -77 -49 90 
-96 -98 -86 -19 -73 -75 -96 -21 72 100 -24 -40 -83 -65 -40 28 -4 -63 -87 80 
-74 66 77 -54 42 54 89 87 78 90 76 82 92 41 -88 70 16 -84 99 -63 
-85 -25 -3 83 10 57 11 56 95 -26 35 71 -61 -39 -83 31 -85 56 17 43 
45 -8 24 -14 83 -14 -95 -2 2 -96 36 -33 -71 83 -50 39 -10 11 -56 -16 
35 29 -96 24 91 -79 -46 56 27 71 -2 -79 -88 72 8 96 -43 -37 -57 9 
-83 29 76 97 -38 76 35 52 -14 29 86 71 -42 90 -6 99 62 48 54 -12 
-32 -49 10 -19 73 68 -74 80 81 -81 -12 99 -1 -87 95 61 90 -20 12 -75 
59 -3 97 -84 -14 -60 -86 98 89 18 -14 -44 69 46 -13 -9 13 13 -30 -57 
-17 8 92 82 22 37 42 -39 67 -97 -14 25 0 -68 -8 36 -27 6 -16 -89 
-76 70 -33 43 -35 5 85 28 68 -46 71 -50 63 63 82 -66 -1 23 -5 -35 
-24 31 40 26 64 -69 -38 -64 38 46 -53 12 -35 -36 -96 -20 69 89 -93 37 
49 18 57
6 -10 19 40 89 92 85 -97 -32 15 44 94 -22 25 -95 -36 -38 1 
-39 24 16 -24 29 96 95 -33 -98 31 -40 31 -82 66 -80 37 -45 60 
28 -61 63 46 5 -44 40 83 82 45 98 94 -54 -42 -32 62 -16 47 
58 -21 -87 10 60 -76 -60 78 40 -39 -36 46 -80 93 85 33 -12 -11 
40 -73 -78 -29 23 -81 -86 69 -73 -68 -20 12 79 88 91 43 -2 0 
67 -12 -22 -44 49 42 -99 19 -16 37 -98 73 -75 42 50 98 63 -28 
67 27 91 95 60 -29 -44 38 -92 97 -70 -44 -4 97 45 24 -47 -7 
-34 -96 63 0 41 65 -28 17 -44 -78 14 69 -56 -19 -5 -65 -75 -46 
-44 -69 43 -36 78 73 21 -27 20 -35 98 23 8 -87 27 -30 13 -32 
85 86 85 91 58 -52 59 -99 29 -46 -64 4 8 -58 -15 -50 7 -38 
74 -73 36 -7 -58 -17 -85 0 -4 42 21 -92 60 5 44 44 -4 -49 
93 -46 -97 -29 -42 90 26 17 -68 -90 17 39 -27 -10 16 59 83 8 
-59 48 -93 -13 -60 28 -55 100 84 90 -6 -71 91 -64 -67 94 -43 -8 
84 83 -92 66 44 25 4 -84 66 70 25 48 -23 66 -54 -66 -48 -14 
13 -3 -15 -4 -64 29 -25 -73 65 8 71 73 50 4 55 8 -31 -52 
-67 23 -36 49 -8 89 -54 19 4 -8 54 6 78 -34 -97 -87 12 90 
-8 87 67 -93 -56 38 80 95 92 34 2 -39 83 -15 34 97 -67 -74 
36 -20 -5 90 22 99 -4 0 -86 -51 -37 26 -62 55 -38 56 62 7 
-57 41 1 -66 -75 53 -55 58 89 80 4 -79 56 90 -49 -50 80 74 
-51 -25 -77 -87 -26 -14 40 12 91 -99 -83 3 -42 -40 94 9 -5 69 
-38 40 -24 -50 -31 81 -79 -76 20 -27 -25 -1 97 -26 24 -81 -13 98 
-45 77 -40 -55 29 -23 -2 87 -12 -8 -4 83 -40 58 -28 37 58 42 
-33 79 16 87 -99 91 -64 98 -86 60 -84 -48 8 -29 -72 68 -33 57 
95 15 44 -18 -94 90 -86 -83 -3 -63 4 -46 29 71 83 -56 7 85 
86 43 32 100 3 -1 -49 -90 20 -70 28 87 87 22 2 -20 55 -42 
-81 69 -25 16 -95 79 20 34 -1 3 29 -94 -63 14 49 69 13 -99 
-33 15 -89 88 45 -11 24 -19 -89 76 12 66 -66 31 -16 -41 -53 -10 
89 67 74 -13 -81 2 -57 -44 -85 93 -75 -21 44 -58 44 56 80 -12 
-56 4 19 -95 -21 -70 21 -37 62 -95 -27 -92 -55 -39 25 69 -2 45 
-79 -8 -100 87 -66 76 -35 78 69 -92 33 48 -54 28 -49 66 -17 -19 
96 -96 -6 57 60 67 15 -96 78 91 23 -24 35 44 68 -15 31 52 
-89 96 29 30 55 -88 -23 51 -10 -21 -34 73 60 -38 27 -47 69 -14 
71 -66 -60 48 -76 64 -77 9 7 41 44 -63 -8 5 84 -79 -66 -12 
84 12 89 -27 41 -45 -55 0 -33 73 3 86 -92 -27 -81 -51 -79 94 
63 95 -48 -31 -14 47 -43 28 -49 91 -1 -64 -72 -18 -2 -84 55 -62 
-29 51 -12 38 23 91 24 -19 -86 -7 -20 86 -63 -58 80 -11 -38 -85 
-65 19 44 -63 -41 93 -27 -13 -25 71 3 80 59 25 30 -54 -88 -98 
87 -14 -16 -100 80 64 86 -84 -94 16 -45 -32 31 -59 37 -76 -72 96 
-83 -49 -18 -58 72 35 -79 30 -41 52 76 -28 54 62 58 -63 13 -13 
52 -52 -47 58 64 -41 76 -55 0 12 -81 28 7 87 29 39 -72 0 
-27 -50 -71 33 -99 55 -96 5 16 12 43 79 100 -6 -73 -48 -99 41 
11 77 36 61 -12 56 -62 45 42 67 -17 71 -34 56 71 -55 -12 22 
100 -58 -74 16 5 69 -56 4 -88 -29 6 -87 63 68 40 -2 -22 78 
-97 17 22 46 -67 55 -34 -50 11 87 -5 49 8 -5 42 34 61 -54 
-47 -96 50 -35 -74 -95 -71 89 23 19 -64 -99 -3 -60 -32 69 36 1 
24 52 1 85 38 97 33 -55 -9 -26 29 -99 -30 82 -95 -81 98 82 
76 77 20 -2 -5 7 -51 92 47 17 11 -68 69 -66 84 -31 -82 21 
-85 1 16 6 26 95 -43 96 77 -37 66 74 95 41 50 -35 89 -56 
72 -62 87 18 5 -53 50 -27 -19 -17 43 -51 54 58 50 -31 -86 -75 
48 48 8
90 -16 87 13 -71 -23 -38 -6 -85 -43 -35 -47 94 33 59 -60 -18 82 -29 15 -26 20 -32 83 -81 -13 47 -55 0 68 -84 -10 -98 53 -98 -69 80 -85 -25 95 -78 40 99 -85 -28 7 -95 4 
-12 -24 -82 13 46 -64 -5 15 23 -59 10 -78 -92 26 -38 61 -72 -85 92 -93 -70 -34 53 -48 56 51 -83 -73 -43 73 -19 -5 99 -51 -93 -6 -15 2 -92 58 -7 -31 81 -48 45 93 -88 74 
-93 55 31 88 -80 -17 90 77 -67 -94 54 -60 29 86 36 27 85 -7 -80 -30 46 80 78 -62 -52 58 -60 93 1 -97 66 8 58 -3 -54 28 80 -65 -46 64 -58 59 -97 21 44 39 -52 28 
83 -82 48 28 98 26 66 -55 -67 57 -62 34 60 54 93 17 -100 -62 95 81 -27 -51 -6 -35 -93 -3 87 51 87 85 -72 69 -98 77 -4 51 2 -89 46 -15 18 84 70 -23 -12 62 44 -12 
50 39 -82 73 88 12 -62 95 60 75 -5 46 9 23 -36 -39 -51 10 -89 1 21 58 87 -61 -9 56 -34 79 -33 61 -83 -84 -1 -65 89 -64 -2 77 81 -43 1 -25 53 -91 48 -84 -29 98 
-24 -18 -2 97 90 -66 86 -19 40 -98 -91 -94 63 -74 -78 -89 -88 62 -53 -40 -12 -73 -33 90 -48 -81 99 100 86 -31 47 -39 2 96 -93 -9 -71 44 22 70 46 -18 76 -42 -42 49 -31 -30 
-40 -34 -20 48 -57 47 37 -5 66 36 -56 1 55 92 62 -44 87 20 -2 66 -37 70 35 -92 -49 -39 -84 10 60 -65 30 -81 1 -90 17 44 57 -46 89 -27 40 83 74 -6 24 -14 1 -40 
-95 49 -74 -82 -32 11 -74 20 22 93 80 -19 -73 9 -50 28 -31 68 -79 77 72 60 100 11 42 23 55 -84 -92 -95 -24 64 54 -48 82 -78 64 58 -8 -15 50 -29 17 77 30 67 -46 100 
-16 -75 26 -45 85 25 16 -23 -53 -29 -7 -44 -74 19 70 31 72 2 3 35 -41 95 70 60 -85 -14 36 45 -97 41 -6 -63 66 -81 -7 51 44 59 78 42 80 -30 98 -94 89 17 37 60 
-82 -61 -56 -22 84 -86 -63 99 -50 23 -7 -97 -37 38 -59 -71 7 -16 30 -49 -58 7 43 -78 27 -10 79 15 -94 -35 -75 -75 4 -31 -47 -63 -67 -60 -65 -16 13 -22 -63 27 -85 -22 6 -27 
62 -65 24 55 -8 -84 27 -82 6 5 -17 12 70 -42 -13 -77 -22 40 -40 11 30 -55 45 -57 -27 83 70 -61 -90 -25 12 23 -40 86 -23 52 -99 -97 20 7 -42 53 -82 78 -89 -44 51 -61 
46 61 0 -24 56 -55 -31 -72 78 89 -33 38 -87 29 -40 -27 14 37 75 15 -10 -56 72 -2 97 41 -25 58 97 76 47 42 36 -53 68 -9 -58 -64 20 -81 -76 37 57 -63 -34 68 -40 30 
4 -66 96 45 -72 67 -58 -75 7 -32 33 -47 -57 -20 96 80 27 63 -80 69 100 40 38 74 -73 -56 62 -57 -89 -79 73 -34 -44 18 -90 -16 -15 -48 -41 42 20 43 96 14 -78 91 -7 -1 
3 13 -83 -48 -97 5 -74 81 -1 88 -77 -39 -92 46 27 -86 -36 -13 -51 -1 -11 -42 -60 -91 -100 -65 23 73 76 66 -79 -71 -72 89 -19 -69 -7 7 -89 93 -56 85 -97 -97 -19 30 68 45 
67 -84 -57 -45 -75 -67 -86 -75 -81 -13 49 95 -48 70 -77 -19 59 -45 -38 -99 12 -76 44 57 -92 47 10 -61 -74 -23 84 93 -56 77 -52 -31 61 -38 -56 80 0 93 24 52 13 -2 83 -79 
53 -55 -78 -36 -81 17 71 78 -37 -70 -83 -60 8 51 -68 2 28 -70 21 -62 -57 65 -83 43 8 -9 -56 71 89 -73 92 -9 -78 64 56 -59 -70 -24 -82 -6 7 86 -16 65 37 16 -34 -86 
-3 37 -48 40 -49 -81 -68 59 10 -24 -21 -51 -47 -80 40 -25 85 -55 -34 65 22 -65 -42 79 -80 -8 43 57 -92 59 21 -45 -5 73 45 46 42 77 -45 -48 -98 34 1 -44 55 91 -19 -11 
-64 48 -47 58 33 -38 -14 53 54 -72 -40 12 37 81 17 82 4 -39 -23 96 -63 32 98 91 -84 -2 -54 21 -61 -23 60 -25 75 63 83 7 75 -32 -90 -21 -54 -30 41 83 -100 -42 64 -46 
19 91 -50 7 -27 -53 -3 -61 -4 -7 60 35 20 -31 60 -5 82 42 52 57 -91 62 86 -45 -69 26 88 83 34 1 87 -47 -9 -64 10 14 -66 57 53 -20 100 -38 65 19 31 24 -87 -37 
-85 66 70 75 -23 55 -71 9 -70 67 -59 65 -33 -73 68 8 -86 -73 -78 99 84 75 -22 83 -63 93 1 18 -34 -35 81 -19 81 0 -45 -43 -46 -66 16 -15 51 7 100 -83 -15 17 -25 -1 
44 -3 -3 27 -78 25 -41 -91 -33 10 -23 33 25 -92 64 -45 8 69 -37 13 53 29 98 3 -64 47 -30 21 -37 45 70 57 93 -84 -67 65 -9 -8 74 58 52 -100 -60 -23 -92 -97 -18 -33 
72 45 80 -26 -26 27 77 10 -27 -54 81 -14 91 50 -58 33 16 -75 -3 -94 17 -80 64 -82 -79 -97 -55 80 57 28 -54 -22 -28 76 52 -4 2 28 56 75 74 36 -90 14 -65 -98 98 51 
-73 -6 57 -6 -35 -30 13 -64 -27 8 66 -71 -65 63 -43 -42 38 -92 54 -60 36 10 65 -41 96 76 24 82 78 21 32 56 65 -61 -51 -71 9 12 -85 33 -80 82 12 -95 44 70 -37 -69 
78 68 -29 -36 -73 -64 -27 -78 62 97 54 -11 17 -14 -56 -68 -25 -56 -89 84 56 -73 -34 26 59 79 32 -48 48 45 -17 -25 12 55 -11 39 41 63 12 2 59 -35 91 -74 1 -65 -42 76 
-71 -31 10 85 -54 76 -39 -96 54 93 -44 -49 37 40 -23 100 -56 66 38 85 28 100 -14 -63 -35 -24 -87 66 -39 -79 -8 -10 -60 -99 -75 -13 27 -64 -59 -19 79 -52 -18 -35 38 59 -36 82 
25 53 16 -98 52 -99 -61 67 -73 -98 -17 -61 -77 75 -21 -36 26 -46 1 -48 -10 42 33 -32 90 66 34 -23 24 48 -42 99 0 74 -99 -98 25 91 69 3 94 -49 42 -84 -75 71 -70 51 
-75 31 54 -35 -27 -14 -16 -88 -99 -83 -10 26 65 -2 24 -85 -78 -25 -83 47 -34 86 100 -91 88 41 76 -88 -38 -94 14 -13 -13 -83 2 10 -47 86 23 -45 53 63 81 -32 -90 -46 -17 -68 
30 0 30 46 -65 29 55 -78 -80 -20 86 -18 -14 -51 19 24 -34 -80 -67 19 -94 6 74 59 -32 4 -74 -71 59 -41 -39 -12 59 91 84 45 20 38 17 -10 -83 2 72 -46 1 -10 78 67 
10 -90 -64 -34 -33 -91 76 -15 -36 -99 14 -78 -39 76 -40 70 16 -57 -36 86 81 82 -25 48 -17 -54 52 35 -14 29 1 97 -10 -13 -88 57 -3 88 -59 11 90 6 33 -100 -69 93 20 47 
-65 35 -17 66 16 58 -37 49 55 -85 -17 -60 -6 35 87 34 -79 100 -10 -32 87 -18 79 26 38 11 -24 69 -47 47 15 -62 -69 48 54 47 6 68 -55 -90 83 -21 -100 -74 -87 88 61 85 
37 -100 -47 -27 -68 82 50 70 -57 76 38 -4 -28 -97 -15 3 51 89 -51 -94 56 -55 -84 -12 24 68 15 -13 55 -25 -29 -59 -75 -26 -36 -42 -44 -87 78 -1 90 16 45 -39 -31 -71 15 -81 
-82 14 -74 74 59 93 -38 -68 60 27 19 -36 52 91 5 77 -86 20 -66 -30 33 -88 69 -28 -22 -36 -16 47 -7 99 16 -39 12 42 86 -29 -15 98 -47 -56 24 73 -41 -25 13 14 -99 27 
-67 87 98 67 49 16 89 -74 80 -28 23 -77 -80 -62 -16 33 31 -81 54 -85 -84 -94 -91 -10 79 -32 65 -59 33 17 69 66 3 16 -18 -49 82 -29 -73 62 -7 50 35 14 38 -82 97 -32 
-62 50 -67 -96 6 94 -5 -65 -89 -91 -24 44 26 95 10 -72 10 42 -21 -8 -88 -44 -97 -44 -95 38 20 -6 6 16 12 -6 -35 46 -1 21 -11 94 56 0 53 -68 -56 -21 -74 4 7 -13 
-55 37 29 -92 93 32 -86 49 -81 34 93 -25 -51 4 70 -36 100 -82 35 -12 62 -9 89 14 23 83 93 -1 -64 -50 36 -69 87 -36 90 29 46 -97 -73 65 -13 -81 -60 -14 24 60 0 -27 
78 -65 62 39 26 0 -48 99 -68 -55 -53 -32 -55 84 -51 82 -53 -61 -40 94 93 -12 8 -20 -43 -2 66 31 -43 -34 -96 -66 1 16 23 77 -85 76 75 -53 71 -79 -35 -85 -96 14 47 -98 
53 -94 46 -4 -56 -47 76 2 2 -9 83 59 7 87 44 -93 2 -34 84 -33 92 8 14 12 30 29 -23 -16 -57 -77 -14 46 -70 -69 -59 -26 -65 67 26 37 -92 9 -55 15 -55 89 23 48 
-95 -44 65 47 65 -71 -41 -56 58 36 28 -100 10 -86 -3 40 -55 -12 64 -20 -95 -10 67 -87 49 -88 28 94 51 -100 -9 6 -93 -44 -47 22 -15 -38 66 -58 48 -7 94 -43 -43 -60 47 -47 
28 -39 -17 33 51 -50 -4 -51 -38 -76 -58 63 75 34 -31 82 90 -28 3 -26 34 -32 -34 -69 12 -41 -11 69 -1 86 72 78 -54 -45 -40 47 5 57 96 17 31 -62 -21 5 72 -2 -13 11 
70 40 35 -47 -92 -100 -15 -30 -40 74 89 9 9 61 -14 56 -85 47 2 -30 3 -52 37 -67 -64 66 -12 58 -36 75 -32 84 15 -98 -63 -27 -98 22 -7 -88 -55 -19 22 54 92 -93 9 -94 
4 62 -74 -94 60 63 90 96 -21 -22 53 43 -98 -80 -24 -33 73 13 -10 25 -66 83 38 -21 -86 -91 84 -95 67 -58 63 -29 54 89 -23 13 2 -83 8 81 -55 -90 -27 -53 81 49 -35 53 
-38 55 -22 -54 -12 66 -24 2 75 -41 7 41 -49 -31 -89 -95 -92 -61 18 -40 -94 77 91 -49 87 -37 -52 68 62 13 -30 74 -82 -2 -80 -44 -37 -54 58 88 -45 -86 -21 6 -66 -10 11 93 
-21 80 -48 -65 56 -58 -14 -8 -45 -15 -41 -84 48 -20 91 16 78 61 72 -59 57 29 79 -89 -6 -43 -33 -22 -2 79 -30 77 58 22 63 -37 14 -52 55 69 -17 65 35 -69 -56 -25 47 -79 
86 19 -88 42 98 92 3 -59 -52 71 19 46 49 89 -27 -44 -40 -65 19 74 -67 -27 -8 17 -63 78 -2 -69 -48 -56 -47 -62 13 -35 30 11 -94 -67 52 -45 54 -29 51 -48 -91 74 8 -30 
59 77 94 93 -51 -64 -41 -63 -87 57 -32 -35 51 -29 -47 -36 -13 84 25 -7 67 -24 -2 -30 -3 -51 22 -43 73 -71 27 32 56 -30 -26 55 6 33 92 19 -61 -90 35 40 -69 38 54 18 
-29 -22 -89 88 5 -41 -43 -99 8 79 -42 -69 58 35 63 13 56 -64 -32 -39 19 -91 31 8 70 -85 -53 -99 53 -99 19 -76 -71 -20 -89 34 40 -81 -14 98 98 -6 -72 6 80 41 -82 35 
77 -64 46 -55 -54 -24 3 -85 -59 1 -84 95 -48 -14 69 -19 16 30 -85 -45 49 -49 -97 -3 45 82 -98 24 23 71 -42 -51 -93 55 -5 -47 -70 98 -82 -78 -2 86 -84 50 -79 35 -69 37 
-86 97 43 14 -53 46 -90 42 27 63 -34 -51 33 -26 -1 -10 -72 44 -7 -91 41 12 -69 90 -53 98 -11 -32 -18 -30 -96 -4 -34 -3 60 -37 -58 20 -95 20 -18 -79 69 66 -5 -83 -95 -26 
80 22 76
-48 61 -36 92 58 -89 -20 -75 -7 51 80 39 67 -23 -1 -70 -31 69 -65 89 -99 -94 
8 67 -49 -25 22 25 -64 -80 58 -62 31 72 80 -12 33 -41 -37 76 60 94 -35 27 
-30 14 7 -11 -18 -8 -22 -17 -2 36 100 49 -90 22 -26 97 -8 82 85 -77 4 64 
-39 87 -77 25 63 33 18 78 -41 38 -9 66 -74 73 -43 -46 -94 55 90 -95 -46 51 
27 -22 47 70 -91 32 93 13 -5 -97 -50 -32 28 63 -99 96 40 -90 -17 -70 27 -40 
53 34 14 59 -61 -46 65 -7 55 -59 71 1 -90 80 83 53 -57 -22 57 -7 -4 -66 
-45 -53 81 95 -92 -37 75 35 23 27 -82 88 -14 -43 92 -50 50 46 -59 -30 97 -98 
-100 80 55 -57 -93 -39 -14 3 -54 41 1 -74 -15 9 -61 -91 94 13 36 -89 0 -79 
-81 -59 -79 19 37 -87 90 33 -85 90 12 20 83 19 82 -32 73 78 59 -27 -97 94 
32 93 -98 25 5 38 -14 55 10 5 96 31 -76 32 -6 -87 -85 9 53 27 -71 35 
97 61 -98 69 38 11 -59 -9 4 73 -67 6 -53 39 -57 33 -7 53 -62 -61 -66 -88 
21 -22 76 36 88 28 -37 67 -88 -41 -23 65 78 65 -25 -82 -95 79 41 -62 -16 88 
77 -23 -30 -80 81 8 -41 65 -30 80 -58 -55 -34 80 73 -21 46 85 38 -78 -1 -35 
87 74 -67 42 52 74 81 -65 11 57 -37 81 27 -57 -61 86 -93 9 16 -51 55 82 
-71 -23 -40 25 -88 48 48 11 -88 -16 -15 -55 -74 87 69 57 -78 -21 13 -65 -91 -60 
-22 99 76 -15 8 -59 -16 -88 -78 13 -11 -68 -62 -49 30 36 63 42 70 98 37 46 
84 -45 2 56 -16 66 91 -6 56 -32 -8 31 3 50 23 88 62 45 -50 -99 28 -62 
-48 -43 24 65 50 -56 62 -64 90 46 -8 -58 -49 76 58 -58 -31 13 -40 12 94 64 
-89 16 51 74 -89 -100 25 39 -61 27 46 13 -8 -5 57 -97 32 47 -1 74 39 51 
49 -4 43 69 59 -98 -20 2 66 -59 69 16 -86 80 -33 -11 -32 -44 -84 64 69 -42 
-41 26 -89 41 -78 11 -36 11 -89 -88 57 54 81 -35 56 -90 67 22 -48 -15 88 -84 
-86 -96 -44 -68 -40 -78 97 80 -20 -95 -45 -59 -4 -73 52 60 38 13 72 -6 -34 3 
9 -78 -37 -25 -6 -35 11 -69 -68 25 -64 -12 58 -54 10 54 -75 40 59 -20 81 -46 
7 -17 64 95 96 35 -62 -88 88 47 -66 -49 73 -22 -34 -17 9 -2 -93 -5 86 15 
42 -55 -32 67 35 77 98 -34 81 -46 -1 44 100 -6 -71 -63 6 -84 85 -10 -83 7 
18 -16 90 78 82 47 -28 18 -38 -87 13 -20 31 -52 -43 28 14 88 32 -88 -18 31 
-44 -39 19 13 -23 3 53 -55 60 -29 29 49 -52 -40 -5 -30 78 57 -16 -9 88 -86 
-11 95 -8 -98 82 -77 65 -87 5 -80 -26 -77 -17 2 -24 -64 47 -65 -43 -75 34 -45 
-15 -72 25 -87 36 59 -46 23 73 43 17 -36 -5 -52 -62 -41 -88 -7 -71 -14 -34 -37 
38 42 -1 -66 27 6 -41 -40 11 -5 -62 -65 -42 24 95 12 97 17 -96 13 32 -51 
12 70 8 24 -88 -13 60 -22 50 -2 -81 99 32 -4 4 92 6 65 -64 44 -100 -6 
-82 45 56 -86 -39 10 28 43 59 90 12 -84 13 24 -47 -28 52 -97 70 21 52 -48 
-84 -94 94 22 71 -71 -84 21 -27 85 -35 79 99 -23 -12 -24 -81 97 -35 -18 -88 28 
56 -35 51 8 -82 -30 -72 71 22 96 77 15 -33 47 44 -67 -32 67 -83 -17 45 -84 
60 -68 -8 30 -72 8 62 91 -65 17 -44 86 75 -76 -44 -97 95 78 99 71 -57 -85 
-32 37 -51 -14 4 -34 69 -52 -18 -21 -69 25 -92 -91 -68 20 51 -33 -64 57 -47 62 
81 -41 65 76 87 13 -4 -71 28 14 67 27 100 -30 94 69 -32 -25 -53 -51 100 -95 
-91 -69 25 60 -51 11 16 -48 -28 -4 11 87 -79 -3 -51 -32 27 28 82 -57 -46 82 
-37 -53 50 -19 -27 47 31 -78 52 40 -96 -74 -51 -47 -13 65 5 60 -90 66 -4 -68 
-38 46 -50 39 -77 -69 32 -23 -88 95 -25 62 -24 -2 8 57 -30 -91 -54 -26 -65 -5 
-23 23 -91 82 -68 70 -3 -22 52 60 74 -99 -52 97 -67 81 -76 -55 75 -51 58 -100 
47 -35 7 -84 -75 53 -59 -90 98 18 -17 -94 -50 15 77 47 94 28 -44 67 30 5 
14 63 -15 -12 58 -91 37 15 61 -67 31 -33 100 56 71 -60 66 68 9 -51 25 9 
14 1 -45 -43 79 12 75 -42 67 -12 71 -99 76 29 -90 -38 94 21 -55 24 89 -56 
-21 59 -65 96 -24 -6 -56 -100 -98 8 -49 -93 66 81 -31 40 -62 -65 78 60 -64 53 
-62 98 65 -69 18 -91 56 -44 -97 85 65 -62 80 -59 32 74 92 -16 -18 -57 -8 -53 
-77 61 37 -89 97 14 71 83 -84 -92 30 81 -60 99 40 46 -46 43 30 70 82 10 
61 -37 -17 52 48 15 45 -61 12 68 100 -52 30 46 62 0 -21 28 -41 -92 8 -1 
-94 98 -56 -89 41 24 81 -28 -67 -9 35 -33 -58 -68 32 88 -29 -56 5 -79 -8 -66 
17 -96 -15 96 32 44 55 91 93 61 38 87 22 -22 10 2 50 -6 93 -15 61 86 
-33 -8 23 39 -14 -73 10 29 -88 77 33 -53 23 -86 91 -23 55 33 88 -7 19 10 
21 79 62 -29 -28 5 6 83 -60 73 -25 63 -39 11 40 21 -61 2 -2 22 49 71 
-13 39 -53 92 -79 85 -16 40 -6 56 19 -94 -74 41 11 -18 24 51 -46 49 -37 -34 
-41 -98 87 -51 5 -66 71 -47 55 -43 43 -99 -51 14 37 -17 -46 -70 -62 23 87 -86 
-87 -53 -4 37 48 1 -15 -90 67 -5 64 3 44 -32 -12 14 -29 -58 22 64 95 21 
-22 31 -97 -18 11 93 55 -2 57 68 -5 -47 -45 -57 54 40 -47 -30 85 -84 23 28 
-66 61 93 -44 -97 -36 -81 48 85 -3 -72 38 29 39 -20 -17 87 -63 -99 -18 -10 -44 
25 94 46 28 -87 31 -5 36 -92 29 -3 -100 85 -50 -86 55 48 99 -99 76 -13 31 
14 67 64 -49 -97 65 -17 -57 -80 58 -64 67 -15 -51 -53 30 36 -45 -41 83 -94 94 
83 -80 -2 30 70 0 5 -44 81 69 73 44 70 77 -41 -48 -81 -21 -91 -94 96 -55 
-95 -58 75 -9 -52 84 -27 -96 28 -95 -76 -75 35 44 -25 90 50 -95 9 23 50 -22 
-1 -92 -19 -32 -63 -60 -26 84 -15 -70 -75 -90 21 -77 94 95 -73 -29 100 -98 -53 -15 
46 22 -26 -4 -22 33 -82 -73 -89 -33 86 -8 35 73 32 60 56 68 90 32 78 10 
5 21 -46 33 93 -96 35 -61 -61 -70 11 -37 -24 89 97 -56 66 -93 -39 1 -51 97 
-26 31 6 80 -2 -55 -39 -75 55 67 47 60 -1 -11 14 84 -22 53 64 89 -85 -60 
28 -89 -66 -57 69 -4 45 68 -58 69 -1 48 48 47 93 -91 73 -3 76 -31 -44 -76 
58 70 -93 -65 -28 71 74 -12 61 -49 -51 96 -5 -82 -9 -61 86 33 58 -66 -70 5 
82 73 -36 54 -31 90 73 -24 -87 30 96 71 15 -32 -8 -12 6 -48 40 55 98 -66 
73 -12 -77 9 71 81 43 -100 -65 24 23 -50 -73 93 -61 100 -82 -97 29 64 24 94 
-69 -85 -18 37 -82 72 -58 -85 56 -86 -46 79 23 -76 9 -84 76 -6 40 -2 44 18 
-60 34 17 -92 -13 97 73 -90 90 -97 77 -79 -9 95 93 33 60 -2 -3 -87 -24 71 
-62 35 87 64 -71 -24 -39 23 94 -48 -94 11 -40 -7 -43 -68 -46 -54 87 -70 -82 -23 
75 -90 60 -16 9 -44 -2 35 -74 -14 -80 63 -51 100 -61 -40 22 83 12 29 -7 73 
72 0 -96 -75 47 91 -95 65 -83 30 25 77 65 84 84 -38 -31 60 48 -61 23 47 
-62 12 -94 10 -6 19 89 38 -59 61 -63 96 36 34 87 -8 -2 54 72 74 31 36 
7 -36 48 26 -77 -55 65 46 92 -98 -43 49 -37 2 -83 -49 -61 -42 62 -24 -47 -52 
-90 90 -10 -42 44 -39 82 -76 48 -11 -12 -55 65 11 -9 30 -93 -68 -18 -86 81 45 
16 98 97 5 -45 8 82 -41 56 42 -52 -55 50 42 -43 32 16 55 71 -97 100 35 
-35 -10 -86 -78 23 -3 -64 -47 -59 3 -49 88 -93 -44 -4 39 -35 -99 -20 -36 98 81 
-95 -96 -38 22 59 83 -25 58 17 -10 99 -18 12 -29 79 -1 24 -81 -99 25 58 -92 
