10
5 5 87
148 -40 155 91 108 
44 75 18 -38 -32 
69 -11 13 83 156 
130 -12 31 -27 2 
81 142 64 -16 50 
9 10 76
87 39 -12 25 -11 133 156 138 -33 20 
146 -31 -22 55 149 31 128 95 1 106 
-35 -36 148 36 146 1 10 -14 51 137 
40 128 -35 18 143 146 -9 139 73 -2 
149 58 158 -33 103 147 -12 70 81 29 
15 36 -16 153 112 -31 145 -39 146 35 
88 25 153 44 34 136 29 65 64 92 
53 52 -11 50 9 133 -14 38 -8 107 
57 48 133 81 -10 84 91 -26 36 26 
4 4 68
-8 -3 -35 118 
16 20 21 148 
113 113 128 153 
113 50 -21 -10 
8 3 48
120 -1 8 
151 73 89 
115 149 155 
105 53 36 
87 40 -9 
44 97 51 
105 34 154 
7 152 97 
1 5 58
140 114 132 67 73 
2 1 84
84 
-7 
3 1 25
113 
115 
-36 
1 3 98
73 82 37 
5 1 9
14 
98 
117 
14 
129 
5 5 79
145 50 -5 155 105 
48 78 88 6 141 
66 109 45 70 138 
30 55 50 152 132 
57 48 103 112 -15 
